7 6 4 3 8 7 9 2
4 2 7 9 4
3 50 100 25
20 27 66 7 74 27 79 99 59 32 28 28 85 60 64 85 18 61 17 23 89
15 1 90 25 63 10 45 30 17 19 56 73 95 20 23 60
12 67 81 23 20 85 45 96 47 21 7 38 53
5 45 85 82 94 78 
6 16 3 31 94 47 71
7 85 5 78 15 63 96 14
8 3 78 16 53 75 64 70 40
9 3 95 99 61 56 43 46 14 90
10 78 67 10 67 69 51 44 42 34 14
11 42 98 11 81 53 9 17 89 10 33 9 
12 97 51 93 40 35 79 7 80 61 22 77 4
13 92 34 7 10 89 68 6 50 74 88 72 34 8
14 80 45 23 20 82 79 8 18 85 98 34 80 5 57
15 13 42 2 56 45 48 78 23 25 26 76 90 92 46 31
16 36 58 88 75 33 50 51 73 66 61 30 18 89 33 19 88
17 40 25 28 10 61 88 24 87 77 38 12 72 57 46 74 33 61
18 52 55 71 58 34 34 72 88 21 56 22 27 86 99 10 35 30 10
19 11 100 24 90 90 5 88 89 87 31 18 66 61 3 62 63 32 86 5
20 15 14 94 43 40 9 42 78 84 35 96 22 10 5 68 48 54 58 97 90