5 95 69 50 38 85
6 64 4 8 3 100 82
7 76 25 42 49 3 9 50
8 46 52 47 81 42 64 7 29
9 83 15 6 27 34 48 53 87 24
10 93 26 31 36 46 6 59 23 9 61
11 81 61 51 98 23 12 3 14 57 54 2
12 20 28 94 13 84 65 43 56 78 59 30 12
13 99 23 82 1 79 7 34 11 3 2 28 68 39
14 70 63 27 69 59 33 30 26 59 49 50 56 87 93
15 29 20 7 26 60 94 46 32 51 55 83 41 88 33 49
16 2 27 24 10 29 49 32 36 74 92 23 17 22 13 12 45
17 88 17 96 94 17 1 20 51 16 59 65 7 89 13 17 61 39
18 79 73 3 96 84 73 40 53 50 42 85 11 89 87 9 18 47 29
19 93 80 33 22 12 75 96 12 14 9 38 90 33 85 91 2 63 39 89
20 40 80 95 15 27 91 76 99 1 61 96 66 40 94 52 53 92 72 17 44